ha
 tensor([[-0.0104, -0.0126,  0.0070,  ...,  0.0000,  0.0000,  0.0000],
        [ 0.0049, -0.0046,  0.0125,  ...,  0.0000,  0.0000,  0.0000],
        [-0.0173, -0.0161, -0.0205,  ...,  0.0000,  0.0000,  0.0000],
        ...,
        [-0.0160,  0.0209, -0.0046,  ...,  0.0000,  0.0000,  0.0000],
        [-0.0070, -0.0209,  0.0096,  ...,  0.0000,  0.0000,  0.0000],
        [-0.0160,  0.0071,  0.0046,  ...,  0.0000,  0.0000,  0.0000]],
       device='cuda:0')
ho true god
 tensor([[-0.0216,  0.0047, -0.0087,  ..., -0.0028, -0.0083, -0.0162],
        [ 0.0105,  0.0128, -0.0160,  ..., -0.0028,  0.0165, -0.0216],
        [ 0.0025,  0.0128,  0.0305,  ...,  0.0222,  0.0211,  0.0025],
        ...,
        [-0.0212,  0.0167, -0.0029,  ...,  0.0312, -0.0118,  0.0172],
        [ 0.0172, -0.0156, -0.0217,  ..., -0.0165, -0.0055,  0.0305],
        [ 0.0075,  0.0215, -0.0123,  ...,  0.0050,  0.0298, -0.0305]],
       device='cuda:0')

tensor([ 0.0630, -0.0571, -0.0820, -0.0430,  0.0070, -0.0161,  0.0070, -0.0874,
        -0.0459, -0.0459, -0.0608,  0.0491, -0.0874,  0.0215,  0.0140,  0.0874,
        -0.0459, -0.0874,  0.0630,  0.0491, -0.0608, -0.0608, -0.0079,  0.0386,
        -0.0608, -0.0344,  0.0630,  0.0874, -0.0161,  0.0874,  0.0000,  0.0000,
         0.0386,  0.0215,  0.0874,  0.0386,  0.0630,  0.0295, -0.0344, -0.0161,
         0.0295,  0.0874,  0.0630, -0.0459, -0.0079, -0.0248,  0.0874,  0.0491,
         0.0630,  0.0630,  0.0491, -0.0874,  0.0000, -0.0608,  0.0070, -0.0079,
         0.0215, -0.0874, -0.0608, -0.0608,  0.0295, -0.0344,  0.0874,  0.0070,
         0.0737,  0.0435, -0.0317,  0.0586, -0.0623,  0.0242, -0.0461,  0.0532,
        -0.0830, -0.0491,  0.0574,  0.0179,  0.0393, -0.0850, -0.0014,  0.0796,
        -0.0483,  0.0879, -0.0737,  0.0166,  0.0042, -0.0014, -0.0270, -0.0352,
         0.0679,  0.0291, -0.0422,  0.0654,  0.0801,  0.0723,  0.0415, -0.0255,
        -0.0276,  0.0737,  0.0042,  0.0845, -0.0291,  0.0649,  0.0339,  0.0645,
        -0.0400,  0.0311, -0.0645, -0.0669, -0.0608,  0.0586, -0.0427, -0.0718,
        -0.0069, -0.0703,  0.0737,  0.0311, -0.0359, -0.0110, -0.0510, -0.0806,
         0.0498,  0.0090, -0.0581, -0.0408,  0.0125,  0.0422,  0.0703, -0.0221],
       device='cuda:0')
tensor([-0.0080, -0.0850, -0.0461,  0.0618,  0.0381,  0.0388, -0.0349, -0.0162,
        -0.0879, -0.0884,  0.0864,  0.0297, -0.0864,  0.0469,  0.0496,  0.0376,
         0.0388,  0.0142,  0.0142, -0.0080,  0.0000, -0.0251,  0.0292,  0.0216,
        -0.0835, -0.0164,  0.0000,  0.0635, -0.0613, -0.0605,  0.0142,  0.0820,
         0.0216,  0.0884,  0.0630, -0.0591,  0.0486, -0.0464,  0.0000, -0.0879,
         0.0635, -0.0461,  0.0214,  0.0208,  0.0212,  0.0879,  0.0630, -0.0613,
         0.0070,  0.0371,  0.0000, -0.0615, -0.0879,  0.0286,  0.0630,  0.0216,
        -0.0613,  0.0217, -0.0601, -0.0461,  0.0391, -0.0879,  0.0635, -0.0349,
        -0.0461, -0.0447,  0.0069, -0.0605, -0.0347, -0.0613,  0.0299,  0.0640,
         0.0613,  0.0216, -0.0164,  0.0884,  0.0292,  0.0854,  0.0000,  0.0496,
         0.0000,  0.0488,  0.0070,  0.0854, -0.0454, -0.0464, -0.0869, -0.0349,
        -0.0615,  0.0070,  0.0884, -0.0250,  0.0635, -0.0079,  0.0070,  0.0142,
         0.0067,  0.0000,  0.0068,  0.0635, -0.0884, -0.0605,  0.0879, -0.0461,
        -0.0247,  0.0850, -0.0349,  0.0299, -0.0464, -0.0347, -0.0344, -0.0615,
         0.0486,  0.0217, -0.0245,  0.0070, -0.0447,  0.0625, -0.0605, -0.0240,
         0.0140, -0.0347,  0.0630, -0.0613,  0.0388,  0.0217,  0.0214,  0.0217],
       device='cuda:0')

local_abs_max array isn't right, but the difference is so small
I don't think it really matters.
